#f DM f_obs DM_obs sig_obs/sig
 
16.14970163446432 79.66441071350665 16.149715520441532 79.74397128842328 1.0741849846429032
27.213985729357923 13.23985723985723 27.214021732409797 13.256929237034837 1.0820424556809698
146.6527415393357 138.931800975241540 00
101.7880246009263 104.025812621321490 00
165.84722261029233 166.99767013395882 165.84720773001513 166.97658962677465 0.6994905482129816
97.1089351022175 157.93187875561486 97.10881082961957 157.96997358023953 0.7241173873658671
30.170593296686988 90.956806692870880 00
64.19584249572935 114.086224568240080 00
117.92274288349125 28.59444719235736 117.92265771267316 28.63901506931953 0.6566434888239359
175.58219310175522 149.074696877297980 00
139.07719129553246 19.8187543757226730 00
194.83151795755018 133.618540294121660 00
94.20055337513377 35.74198910841773 94.20061057123046 35.72287038681906 0.6618098664573238
137.35178110384592 134.829242678062770 00
14.323756163631215 76.99144519529925 14.323753324182084 77.01162709453061 0.943705278319482
168.81061340683488 101.10495461096510 00
36.55581010733831 107.05055538604644 36.55574497922014 107.06741322735004 0.8922240652915185
23.661094989011133 40.68339152041152 23.661050363443792 40.68156910906873 0.7958359592194959
11.488726346671841 59.487388947592805 11.48873707279563 59.50438466699605 0.8729942131887748
176.42554254448152 42.500974484852470 00
176.24784502005713 172.24109158353460 00
148.03472416228493 188.69907193458414 148.03469336281222 188.73414524480896 0.8861353488498476
163.01092834480283 58.131162717961520 00
24.563436832443486 45.66991058063024 24.563451006542895 45.640267831318404 1.039320251905518
197.854031771956 139.612890247729780 00
37.69034888244941 7.694910881714523 37.6903093031918 7.691042916142347 0.8965341335374729
95.87375892197235 38.2008755507116 95.87383829057218 38.252818714497465 0.6722235389544882
149.47414539031473 142.433077383719280 00
116.20965265361117 90.82134554283870 00
113.23515005677876 185.766450559390220 00
56.99111214321735 86.98634558452959 56.991120800375946 87.03022247213708 0.7181004663283135
102.40175046129221 77.52271335334748 102.40182746201755 77.51761676006629 0.9851403304478354
84.91702574289383 144.396504140224720 00
74.96773149101647 114.373034769055180 00
186.16915038298393 140.495836103649030 00
135.52374987302048 93.21178932891450 00
82.65206628042738 166.56297273102075 82.65196811407804 166.5717978943461 0.7636587177366067
121.27759163745452 81.907480688110160 00
168.7677142303882 69.929189880094210 00
134.6497084816832 53.2528475754002740 00
179.10127991712702 69.230011064469040 00
151.72537110607047 108.045887562638680 00
83.32450127050721 105.968895673685050 00
176.35331842866265 24.491355628426610 00
115.03629379036627 136.651643247122220 00
136.2739681336431 18.025782755399850 00
37.89743206816627 25.707812344097064 37.89743156327556 25.704275009212584 0.874535142791214
127.66346882278364 150.74135331983450 00
123.59822587055794 28.90058420792341 123.5981471836567 28.94260886864094 0.7075871155212797
178.08362652029075 165.57193929960007 178.08342818170786 165.55981856327475 0.6696775853822676
152.1841998751899 148.64375161487670 00
25.492943638861956 144.3046492659467 25.492954591754827 144.30825261077615 0.8162336854494253
124.13902037563632 172.36128648122990 00
152.82411576046235 110.313715990949760 00
133.7363309452344 99.372307580538220 00
187.16929124285343 5.2505302890204640 00
159.28353662584223 148.9694517581524 159.2833238343398 148.9633575337044 0.5937525965586293
52.201211904412574 84.46798737418256 52.20123663699876 84.50027414445869 0.811224680120627
23.26734606951902 120.34716897044936 23.267360423536353 120.32434246438488 0.8182582297341053
119.91471026956017 76.073865703104620 00
97.94513039018284 31.135458751332195 97.94506089140972 31.168963396997935 0.8458127592277161
91.60638041958049 107.07099671158213 91.60624661793312 107.06741322735004 1.0230474004869758
103.0291969806739 34.20622923926638 103.02925754028062 34.20490139021202 0.7466033683224318
43.65695915740354 67.05704973673207 43.65695834470292 67.09422965003128 0.7474264909319583
146.77164840692723 176.399312832456730 00
66.00340148045433 97.560378363995430 00
124.71566984244365 183.406722693835660 00
118.20152438963848 83.004361389307630 00
110.22488188442067 112.10997776452402 110.22493708878757 112.12730988270685 0.8201479456470557
27.271353864345382 177.34372955155783 27.27138053160161 177.3999767368097 0.5317161660017008
162.60724912892604 153.39269234383220 00
123.65634746910386 50.86060698166073 123.65635484457017 50.90256035288949 0.6005966321409458
61.19953879453642 116.01596100239784 61.19953468441964 115.97283134077803 0.5816008303682331
72.52310008273864 169.977515881801250 00
110.61927920679652 124.39346696225340 00
76.08346836295061 149.843925896946980 00
103.62814421290848 32.94801552426179 103.62806885192792 32.99052619292638 0.7941741486829542
149.18728843868507 19.661185008114030 00
17.95464328869249 99.73479020883933 17.95463807259997 99.78116204363624 0.8069735984588948
98.86197004127324 176.191259805877280 00
89.23542198126209 49.023612073961130 00
140.61952723698914 167.646245275542270 00
175.01203533501769 177.76446883734060 00
35.76793123526213 86.05283848999380 00
77.0568953424724 112.947586372176450 00
195.37753273806555 18.525904083032350 00
146.45631874588406 72.481515423334930 00
45.595293507131935 113.88277281676771 45.595273453121386 113.84767474552818 0.9032659415513473
41.47191671285084 73.6097205900021 41.47198827316364 73.57089736888798 0.8239861935036685
58.58790262262135 48.4234963142981340 00
54.034316852057685 146.60162915257834 54.03429289193203 146.6358050722403 0.8584816185227123
177.40056958525827 127.23122762819460 00
105.54648979086157 155.720257705681860 00
29.949375351767603 107.27733351567647 29.949357364481937 107.26980909356433 0.8460617798468453
88.8057439959375 163.762829791724070 00
179.71147482195104 103.388330441081050 00
17.563892847536824 53.01856921251342 17.56391914871832 53.02771694813935 0.8666550324514248
154.09532318404507 71.081037413205480 00
48.60519153314759 142.027225196010960 00
14.731327930884117 135.29990238422363 14.731328216536593 135.30163656424102 1.062902017798037
70.05717293515708 116.885841342330830 00
38.57025689539562 59.7706402211954850 00
88.4029031020713 27.90956049024786 88.40288501232862 27.930629537569583 0.8657611203974565
185.2513597648864 92.609707915125030 00
54.93296320115019 198.86205487376625 54.932873657283686 198.85393855552255 0.7483352537529085
36.403411106196344 157.677469874533590 00
12.787451524742101 84.06111987296575 12.787465190437313 84.09548241203015 0.9640403335949939
128.8844027720137 157.514294150299180 00
113.56565293387209 175.917819224961530 00
82.7290198461067 132.10656192063826 82.72909326478839 132.06330270481268 0.6155025636902641
101.97513896761347 21.290515198371402 101.97521381390592 21.25156595249859 0.49356183632465633
55.85317380039448 26.92240982847055 55.85316102951766 26.918650206498214 0.896646766314038
51.03217424924165 176.4799439347341 51.03223278031995 176.48919533884543 0.8103342953473064
126.39684711274593 117.563122926130770 00
189.5142843084537 58.666226703818780 00
142.92387266949416 98.60977130319220 00
87.32713193950167 29.3245936991703860 00
33.81058464971619 38.32080571450196 33.81064743734896 38.3540166476046 0.7419519603454542
153.26587733761917 182.904617354447480 00
104.14873156410405 169.855032382775480 00
135.14823188079782 86.71586988151628 135.14848736425242 86.72662867281569 0.7344141315101145
165.29071021199627 157.987649696252930 00
17.998391315529865 123.962496460510830 00
70.28107771159351 171.976706353286830 00
97.40950366649587 147.06907215883032 97.40955041100582 147.04059680466884 1.0349923967623786
62.71983568014481 14.3326014308200630 00
85.42770625850966 128.367081248828010 00
14.86166072369185 111.60595647771157 14.861628490810594 111.62132021717117 0.8189768159114237
83.92549829590806 143.209403943691060 00
92.39677442874778 183.585984632339430 00
26.374382645480345 39.0951806652079550 00
95.38032165615307 131.1005276878686 95.38028583241007 131.15252130684846 0.6171495429268044
195.67932954611783 86.71741415880870 00
85.07204773176636 144.845788369475740 00
76.62922055411673 131.36924925548342 76.62917293297748 131.35491717306272 0.5710345178044829
118.50213996806055 52.936257300621335 118.50206647068264 52.926519015032206 0.9267292136753984
160.04448620377613 170.732734363478530 00
